0
6
133
741
642
952
892
964
1338
1297
1476
1713
1889
2065
2186
2411
2670
2757
2863
3132
3248
3427
3531
3787
3959
4021
4192
4347
4607
4897
5024
5143
5639
5639
6000
6399
6909
6861
7188
7215
7108
6961
6596
6329
6126
5869
5430
5280
5158
4797
4617
4604
4477
4374
4324
4365
4310
4225
4097
4101
4010
3966
3850
3821
3882
3698
3640
3476
3455
3366
3465
3322
3195
3157
3092
3234
3157
3167
3052
3107
3096
3143
3043
3079
3048
3049
3110
3062
3126
3280
3259
3358
3308
3533
3456
3644
3696
3775
3945
4006
4147
4370
4367
4639
4898
5071
5218
5535
5642
5870
6015
6303
6680
6741
6919
7117
7153
7466
7753
7858
8115
8224
8430
8627
8885
9156
9178
9469
9666
9848
9929
10299
10537
10789
10999
10990
11515
11550
11871
12107
12181
12342
12821
13025
13416
13631
13834
13946
14345
14306
14643
14670
15001
15118
15223
15399
15634
15518
16160
16289
16583
16644
16692
17044
17084
17630
17511
17830
17707
17764
18205
18415
18466
18873
18971
19105
19232
19545
19501
19832
20072
20240
20577
20594
20709
21216
21408
21669
21961
21986
21861
22376
22433
22599
22734
23246
23464
23890
23949
24145
24434
24552
24868
25114
25670
26097
26475
26964
27423
27242
27745
27889
28960
28958
29215
29744
30261
30451
30450
31119
31036
30767
30722
30577
30580
30927
30724
30529
30724
30254
29992
30323
29872
30057
28496
27380
24719
24011
21985
19101
16717
14144
12180
10608
8814
8448
6663
5606
4966
3983
2710
3589
2321
1253
69
0
