0
6
133
741
642
952
892
964
1338
1297
1476
1713
1889
2065
2186
2411
2670
2757
2863
3132
3248
3427
3531
3787
3959
4021
4192
4347
4607
4897
5024
5143
5639
5639
6000
6399
6909
6861
7188
7215
7108
6961
6596
6329
6126
5869
5430
5280
5158
4797
4617
4604
4477
4374
4324
4365
4310
4225
4097
4101
4010
3966
3850
3821
3882
3698
3640
3476
3455
3366
3465
3322
3195
3157
3092
3234
3157
3167
3052
3107
3096
3143
3043
3079
3048
3049
3110
3062
3126
3280
3259
3358
3308
3533
3456
3644
3696
3775
3945
4006
4147
4371
4370
4639
4898
5081
5231
5549
5656
5885
6030
6323
6696
6767
6943
7145
7176
7490
7790
7894
8148
8265
8465
8654
8919
9198
9225
9508
9707
9897
10022
10495
10895
11376
11849
12181
13027
13432
14316
15045
15903
16679
17747
18845
19851
20587
21734
22569
23655
24324
25305
26038
26890
27947
28685
29702
30585
31297
32546
33075
34010
34880
35516
36534
37220
37900
38419
39061
39251
39770
40639
41251
41855
42769
42863
43103
43758
44855
45405
46206
46580
46641
47388
47331
48046
49538
49774
50326
50721
50847
50964
53192
52416
52835
53156
53724
54137
54745
54470
55362
56623
57216
57768
58467
59033
59752
60243
60972
62472
63176
63689
63614
64861
64835
64914
66052
67738
67999
67900
67625
66806
65719
65198
66625
69038
69026
68643
67703
66888
65270
64002
69563
69204
65972
60569
55516
50031
46831
41288
40362
31526
24359
19009
15600
12423
11277
8861
26692
11987
7514
4849
5121
3228
1635
104
323299
